···- ··:: 10

κΛΛΛΛΛΜΛΑΛᾺ

1111-111111111·1111111

1111111111111111111.Λ111111

1 1111111111. 1111 11111111. 24141114. 1111111111.ᾈῖ
11161111111111.21111111111111111111,211111.111111111111111111111111111111 111111 111 firm&

11111111111,1111111111111111111111. 211111111111111111111111

11111111 111 1111111111 111 1111 111 11111111 1111111111 11111111111116111111111111111111 11111111181111111111
11151 ὖῖξξιιιὲιτιὶῗαέῑιειῃ ἰ11511111111111111 111 2111111111. 1111111111 111 1111111111. 11111ιὶ1111 111 1111111111 11111111

2 111111. 26111111. 11111111. 111111.

11111 111 11111111 111 6111111111111111111111,211111.11111111111111111111111 1111111111111 6111,
1111111111111111111111.11111111111111. 11111111111111111111111.101141111111111111.

1111111. 1011111111. 11111111. 111111.

61111111111111111111111111 1111111111. 44 11111 111111ἳ1111111111111111 1111111111, 1111111111. 2111111·
111111111111111111111111111111111111,1111111111 111111111ῑί1. 1101111111111111111111111. 11111111. 111111,
de' bello Gallicol, IV, V, 8-14, 1 9- 28, 0111, 211111111111111, 1- 4, 89- 150, 313- 415, V, 339— 571,
111146- 381. 211111111111111111111111111111111111011111111111111111.11111111111111111111111111
11111111111111111111111111 6111111, 111111 111 1111111111111111111111111 memoriales 1111111111111.

11111111.61ἶ111111.11111)1.11111.

11111111111111111111111111111111111. 111111111111 111111111111111111111111.111111111111111111111111.
2111111111111111111111111111111111111111111111111111111111111.111111111ῑὶ1. 111114111111111111111111.
1111113111ιῖ111111111111111 11111111, 11111111,11ιι11,11111111,2ιιιι13.111111,0111111,1-100.

5. 1111111111. 3411114211. 11111 1111111111.

Φ1111111111111111ι 1111111111. 1111111112111111 1-.-4.111111111 111111111111111111,111111111111111111
11111111. 11111 14 1111111 1111111111111 1111 1111111111,

6.111111111111111111111.41111111.1111111111111.

1111111 31111111 1111 1111111111 11111111 1111111111111111 1111111111111111111111111111 111 1111111111111111111111111
¹ 6111111.111111111,1111111111111111111111111111.1111111111111111111111.1111111111111111111.

111111111111111.3111111111111111111111.

1111111111116111111111611111111111111111111, 111111111111110111111111 311111111111111151111. 1111111111
11111.1111.ιι.,11111111111.2111111111. 11111111 1 ’111113 Μ’·

Quarta: .
1111111111 11111 11111.

1. 11111111111111. 11111 1111111. 21111111. 11111 111111.
111 11111111η1111ι1011ω1ιι11111111ῗῖ1111δετιιὲ1ᾕτῦιωὲ111ιιωηωηωῶῑῐηΜ 1111 21111111111111. 11111 111
ι111111111111. (11111 111111.

2111111. 21111111. 1111111111.

11111 111 111111111161111111111111111,1111111111211111.1111111111111 11111111111111111111111
1111111111 11111111 6111. 1111111 111111111111111111.1111 14 1111· ιιι 1111111.

3. 111111. 104111441. 1111111111.

11111111111111111111111111.11111111111111111111.1115111111, 611111111111111 1111 1111111 111111111111111111·
1111111,11111111,111111111111111111111,111111111111.111111111111111116111111111111111.111111111111111
21111111111111111111111111,111 111 111111 11111111 1111111111 1111111 1111111111.11111111111111111111111111

“ 11111111111111.
11111111. 1111111111. 1111111111.

111111111111111111111111111111111111· 1111111111111111111111111111.111111111111111111111111111111111
111 (1111111111, 11111111111111. 11111 1411111111 1111111111111111 1111111111.

 

