77

mmmm

’ίί77 777 7
77777 777 7777777777 777 7777777777 777 δίῐε 7277777777 777 7777777777 787778.

m

6777777 777

777777. ”’7777777. 77777. 777777. 777777. 77777 7777777

777 7777777777
777777.

’ 7. nr. 7777, 77777, 7 77. 777777.
7777777. 8 67 777777.

0777777777 77 ΙΙ. 2 67 777777. 6777777. 12 67

2. 1777777, 377777. 267. 7777777777. 367 7777777777. 267. 7777777777 367. 7777777777.
’7777777777 ‘W‘ ¹3 ἓξ 333 22 77.

37717777, 77777777. 467. 7777777777. 367 7777777777ίὶ7 367. 777777777ίὶ7 867. 77777777. 467. 77777777.
77777777 7777777777 777777. ὲ {4'34214'131114 7 ,2 67. 7777777777.

4. Dr. 77777, 7777777· 77. 2 67. 6777777.
7777777 777777ίί777 7777777, · 10 67. 77777777.
7377777777 in 111. 6 67 77τί7777777.

4ε 7277777 77 67777.

¹ 5. 37777. 777777, 267 777777777777777. 2 67. 7777777777· 2 67. 7777777777· 367 77777 7777777777.
. 7777777777777777. 26 67 77777. fur IIA. 77777. Βδωεῐῖἒτξι. Qum 267. 2777777777. 267 2777777777.

*affl—nn—

6. Su, 777777. 2 67 7777777777. 3 67. 67777777.
77777777 7777777777 7777777. 10 67. 777777.
0777777777 77 IV. 6 67. 27777777.

7.]77 77777, 77777 777 77. 777777. ' . .
77777777777777777 777777, 4 67. 7777777777. · 70 67. 777777.
0777777777 777 VI. 3 67. 67777. 77. 67777.

8·7)777777 Mt, 267. 77. 7777777777. 267. 77. 77777777777777. - 267 77. 87777777777777.
7777777. 777777777777777. · ι Ι

,9. 677777777777777 mm, 3 67 67777777.
wemnwmsskhm 26777777 7777777777 7777 7777 7777777.Εῄ &tm

'10334333333113 . 777. 77777. 777. 77777. 767. 77777. 777. 77777.

11. 67777777 77777777, 777 67. ῗ77777. ’ 177 67 777777.
6777777777. · ·

*mma ffn‘ffflamssffgffi 30 67. 70 67 28 67. -

§uiffigthfflun 7 77777 tur 7777 Ι

...ῳ-,Ἶ-

······-··-···1-······

2831. . 2767.

 

