U 3²· -· 3:2² τ’·,τ t

’ mmmm

· 1111 iambe! 1111111111 W· 11111111 Rhium 111 111 §mim 11111111ἱὴ1 ΞΜ. ι11111
³ ’ 111111111111111111111111 111111111111111Ἥ1111111, 112
- 111111111111111111111111111111

11Ἔ111111111111111 11111 11 1111, 111 1111111 ammian 1111 ’,

3⁸& ἐξ 1111 111 1111111111 111111 1111111111, 111111 11111111 111111111111111111111111111

11111111 11111111.

- 11111111111111111111111111111111111111111, 11 11111111111111 1111111111 111
16111111111111, 1111111111 111 6111111, 111111111111111111 61111 1111111111 1111111, 1111111111
’1111 11 1111111111 11111111 1111111111
11111111 111 15. ς111111 11111111111111111111
·’ &muz 9 -91111111 1111111111111, 1111111111.
111-10 11111 111111, 11111111. 1111111. ·
11111111 10 -101111111 1111111111111111111111.
1011-11 11111 (111111111111111111111.
Quarta: ll -111111111 1111111111,1)111 1111.
1111-12 11111 1111111111, 11111 11111111.
111111 3 -31111111 1111111111111111111111111.
311- 4 11111 1111111111, 11111111. 1111111.
11111111 4 -41111111 1111111, bert Dr. 1111111.
41-1 11111 <1111111111, 1111 11111111.
Ε,11111111 Ῑ1111111111111111 111 6111111 11 11111111 111 3111111 111111 1111111 1111111111111
,111111 111. .. -- =
11111111 111 1111111111
61111111111111111,1181111; -
Θ1111111111, 11 101111 (1111111, 1111111111111111 11111111111111111111111,
6111111111 111 11111111).
1111111111111111111 31111111 111 1111111111 111 61111111.

Ι111 1111 11111111

1111111111111111 1111 4. M, 11 1111111111111111111111 111 21111 11 111 1111111111 111
11111 61111111 1111111111 1111111. 111 11111111 111 111111 11111111 8111111111111111111

111τῖ1111111 1111, 11111 1111111111 111 6111111111 11111 111 1111111, 111111111111111111111111111
11111 1. , .

31111111111111111111111 1111111 111 51111111 1111 4. Μ, 1111111111 11111-12
1111, 111111111111111. 1111 1111111111 1111 1111111111 11111 111 1111111 1111 11111
1111111111 61111111111111. 1111 111111111 111 111111111111 11111111 11111 111 111
31111111111111111111111111116111111111111111111111111111131111111111111
Ι111 111111 1111111111 1111111111, 11111111 111 111111111111111 1111 11111111
111 111 111111111111111 11111111, 111111 111 1111111 1111 11111111111111Έ111111,

,111 61111111, 1111111 111 111111111111 111111111111 11111, 1111111111 111 1111111·
1111111111111111111 111111111 1111111.

 

